[9][1][5][4494.png][274]
[13][1][45][4479.png][177]
[10][1][46][4493.png][303]
[2][1][61][4538.png][295]
[5][1][53][4568.png][292]
[13][2][66][4429.png][275]
[6][1][55][4478.png][222]
[13][3][68][4378.png][221]
[18][1][69][4472.png][222]
[7][1][54][4443.png][259]
[15][1][57][4576.png][308]
[12][1][56][10982.png][257]
[12][2][70][4516.png][248]
[20][1][59][4415.png][329]
[22][1][58][59528.png][278]
[40][1][48][7160.png][271]
[21][1][47][4603.png][339]
[38][1][49][4502.png][281]
[41][1][52][4466.png][193]
[9][2][50][4461.png][282]
[0][1][63][4547.png][166]
[14][1][62][4489.png][300]
[29][1][60][4480.png][282]
[2][2][64][4418.png][300]
[36][1][71][4475.png][310]
[31][1][65][2410.png][249]
[4][1][67][4540.png][236]
[39][1][51][4642.png][286]
[15][2][72][4498.png][204]
[26][1][78][4599.png][327]
[29][2][80][4574.png][347]
[0][2][77][4066.png][283]
[11][1][74][4496.png][303]
[1][1][75][4462.png][265]
[16][1][79][4718.png][271]
[34][1][76][4589.png][289]
[2][3][81][4499.png][168]
[22][2][73][4449.png][258]
